1.39881 1.39881
25.249 13.1206
32.3256 6.38244
104.843 71.9706
114.095 2.00546
127.082 9.86794
140.791 13.4401
148.553 2.395
157.294 1.13054
180.496 1.17256
198.19 4.09969
204.746 1.27519
231.32 1.19237
235.071 1.02946
241.146 1.18079
251.98 1.15744
255.869 2.06615
284.33 27.0501
299.654 1.0636
307.205 3.21325
321.596 7.43544
326.83 1.83837
344.533 1.40621
349.968 1.29892
362.893 1.53365
365.224 1.33469
370.914 5.17908
377.769 4.10519
385.793 1.489
396.659 1.1064
413.698 1.14508
435.055 1.81223
460.364 1.37323
473.571 1.8781
485.884 11.1382
523.418 4.288
542.893 2.32048
551.306 1.48154
578.366 1.13583
583.816 1.11248
591.924 1.11058
611.24 1.04381
634.906 1.2261
643.258 1.00898
651.287 3.93715
666.862 2.59271
678.646 1.38187
704.534 1.7926
723.092 15.1033
730.313 2.39023
736.059 1.35608
743.271 1.36892
767.748 2.62342
782.572 1.71577
827.815 1.09146
833.565 1.86344
836.012 1.17258
851.116 1.3991
860.236 1.38327
864.225 1.896
873.612 1.59892
876.948 1.29294
884.845 1.01371
892.8 1.58194
908.031 1.68867
915.548 1.09171
918.789 1.19385
925.344 2.04162
927.952 2.00631
930.921 1.10244
947.197 1.66738
960.44 1.82581
971.715 1.86248
1001.36 5.6774
1008.37 1.05817
1044.88 1.23477
1056.74 2.09631
1071.39 1.3065
1074.7 1.92846
1081.9 1.43133
1084.24 1.44306
1106.39 21.6906
1120.72 1.26877
1123.86 1.1484
1126.71 1.26306
1132.59 1.03221
1143.4 1.616
1146.05 1.05048
1159.23 1.17094
1164.61 1.60475
1166.98 1.4209
1170.97 1.08856
1173.93 1.06979
1205.38 2.33106
1208.09 1.09462
1217.02 1.0015
1227.99 10.1812
1234.69 2.7731
1243.77 1.12073
1249.22 3.95812
1251.22 1.0231
1255.63 1.25192
1261.35 1.42965
1271.62 3.32248
1278.76 1.87206
1280.48 1.14802
1291.32 1.22869
1309.8 12.2861
1323.07 3.19571
1339 1.66017
1344.22 1.44567
1358.91 1.67925
1372.58 2.4406
1380.56 1.61598
1388.35 1.67223
1389.89 1.00933
1505.69 97.8157
433x 0x564281eb9180]
1519.54 2.11669
1521.25 1.04529
1524.08 2.51169
1525.93 1.34315
1527.15 1.11894
1529.19 1.82542
1530.44 1.25435
1541.74 9.67758
1549.73 7.21612
1551.64 1.53062
1552.97 1.31246
1557.48 2.94333
1560.53 2.20646
1578.2 17.6682
1581.35 2.9411
1583.17 1.10171
1585.75 1.11204
1590.63 3.95394
1593.21 2.58121
1596.95 2.95219
1598.65 1.7035
1599.71 1.05146
1603.16 2.2444
1605.69 2.52394
1608.66 2.84985
1653.32 44.628
1677.41 2.80927
1686.68 7.80294
1699.52 6.55769
1706.18 5.86112
1708.31 1.37146
1710.43 2.11896
1713.19 2.76492
1716.02 2.81729
1719.4 3.3804
1721.62 1.48667
1722.82 1.2066
1724.8 1.97287
1726.75 1.59623
1728 1.25385
1730.57 2.45902
1738.41 2.31319
1740.74 1.57848
1746.74 1.10185
1748.93 2.10329
1750.62 1.58127
1756.69 1.18294
1758.27 1.57798
1761.04 1.08606
1762.87 1.08006
1768.19 5.32483
1771.81 2.26967
1772.88 1.06835
1780.15 5.96498
1784.38 2.3786
1788.37 1.78308
1789.39 1.01908
1791.43 2.04402
1799.84 1.12067
1813.68 2.43398
1828.68 14.864
1837.24 1.33896
1848.04 1.23029
1870.57 1.4131
1878.55 4.72019
1897.49 1.56035
1919.1 6.96148
