0 27.6127
38.035 42.9812
49.194 54.7414
68.9025 108.669
118.615 126.001
134.252 146.42
153.809 155.821
166.535 229.832
230.003 232.823
239.304 249.979
254.257 265.259
564x 296.923
298.493 304.68
312.71 317.094
322.14 324.214
327.758 331.459
336.895 340.432
346.7 352.1
358.506 361.904
379.783 382.544
385.789 388.865
399.222 428.604
460.367 491.384
502.025 506.45
508.673 514.769
526.783 544.103
556.315 565x
569.922 572.013
653.393 665.091
693.433 700.865
701.068 703.24
705.386 736.203
739.341 745.857
745.862 748.364
748.375 752.194
752.279 758.504
758.815 763.1
763.175 771.818
772.324 775.747
778.975 781.159
782.545 785.577
785.908 821.908
822.752 825.278
827.44 856.915
572x 872.976
873.963 940.232
954.836 966.326
966.973 971.144
989.491 1041.03
1041.4 1068.04
1068.53 1072.7
1073.09 1132.45
1135.97 1139.17
1139.38 1146.55
1147.89 1153.85
1155.67 1160.53
580x 1163.22
1165.4 1189.14
1193.26 1201.09
1203.94 1208
1211.13 1229.13
1234.6 1239.03
1246.27 1252.4
1256.12 1263.59
1276.3 1281.75
1288.35 1290.43
1290.57 1292.85
1297.39 1302.05
1302.37 1305.44
1305.44 1308.99
1308.99 1340.59
1340.6 1350.39
1388.47 1390.66
1416.78 1418.83
1427.62 1439.45
1443.07 579x
1466.76 1468.77
1491.45 1494.68
1514.67 1517.12
1522.75 1526.17
1537.52 1551.68
1621.29 1628.83
1631.89 1634.64
1651.17 1653.51
1655.59 1657.62
1660.75 1663.7
1668.18 1670.31
1679.55 1707.36
1710.66 1715.02
576x 1791.42
